162
162
158
162
161
158
159
160
162
162
171
162
162
160
162
158
160
162
161
162
161
158
162
162
161
161
161
159
161
158
161
158
159
158
158
162
161
159
282
158
160
159
161
161
158
160
160
161
161
161
159
161
161
158
158
160
162
159
160
159
161
159
160
161
162
162
160
158
158
159
162
159
162
159
162
159
158
159
161
160
159
162
160
160
162
159
161
161
159
160
158
158
160
161
162
158
160
160
158
159
158
161
159
160
158
161
159
161
161
161
160
158
159
162
158
162
160
162
158
160
158
162
158
161
162
162
158
159
159
162
160
162
158
159
158
158
162
160
160
158
162
161
159
160
160
158
345
158
158
159
160
158
162
257
160
160
159
162
159
158
161
159
159
160
158
158
162
162
160
158
159
159
162
158
158
158
161
161
161
160
160
159
161
158
161
158
159
161
161
158
162
161
160
307
160
159
160
160
162
161